Projects/fdf/maps/map_generators/tmp/CUSTOM_Portugal.txt
ncols        200
nrows        312
xllcorner    -9.517094539866
yllcorner    36.960179089711
dx           0.016634346399
dy           0.016647487245
[rows 172 to 214 of 312, columns 0 to 95 of 200]
-64 -68 -68 -63 -55 -47 -39 -28 -19 -10 -4 41 71 92 82 133 141 157 142 110 84 35 43 53 77 98 108 124 106 125 127 142 162 127 107 99 69 44 43 44 46 84 89 59 69 73 54 61 59 46 33 38 25 23 12 11 12 18 21 31 31 95 129 127 143 148 149 150 163 164 154 157 176 178 182 189 189 177 192 186 180 193 202 198 199 186 200 195 190 173 134 143 135 188 214 225
-64 -66 -66 -61 -55 -48 -41 -30 -21 -12 -4 14 28 69 83 131 159 163 148 113 71 48 35 65 73 66 79 95 115 112 121 132 125 101 86 69 60 74 58 54 41 55 55 49 33 43 34 46 42 58 44 21 11 10 10 11 14 32 44 59 69 83 93 112 126 154 149 159 167 148 127 152 163 154 170 187 183 161 164 165 182 197 195 176 180 190 192 182 163 144 125 118 166 188 194 205
-63 -65 -64 -58 -51 -47 -42 -31 -22 -12 -4 45 20 47 57 81 102 115 101 114 75 54 57 50 87 77 99 111 107 115 148 142 123 103 86 81 60 68 89 108 98 83 68 54 49 50 18 39 40 48 60 10 9 9 9 10 27 44 54 80 114 124 126 133 138 143 136 149 155 133 111 136 146 170 180 171 151 139 165 179 185 192 193 160 183 191 192 181 150 124 110 124 159 172 199 210
-63 -64 -62 -54 -46 -44 -42 -31 -21 -12 -4 67 39 48 47 41 77 69 106 119 93 71 101 76 68 102 94 101 123 160 173 119 99 111 93 76 72 77 86 95 85 70 58 46 57 75 60 18 37 46 88 9 9 8 8 16 21 35 43 63 88 106 123 119 114 119 118 130 133 109 121 152 155 157 147 130 130 173 170 168 174 186 175 155 182 177 181 169 130 111 135 163 167 186 192 191
-61 -62 -61 -50 -40 -44 -42 -30 -19 -10 -1 78 91 121 95 53 43 51 66 80 101 80 99 96 71 88 102 137 159 256 247 173 103 89 92 79 62 57 58 67 67 77 86 63 52 68 78 43 13 29 29 9 8 10 17 25 37 44 61 96 98 82 83 92 107 112 107 95 102 133 153 132 120 110 125 146 147 144 154 179 186 167 156 147 170 168 162 139 113 123 162 181 183 181 188 195
-57 -56 -53 -49 -46 -48 -38 -27 -16 -7 29 92 101 98 87 91 84 90 104 104 113 100 122 108 85 97 125 184 334 370 291 126 132 109 77 72 72 71 66 66 80 103 95 74 71 63 63 54 15 8 7 8 8 16 31 39 45 57 84 111 117 110 109 107 125 102 86 116 138 137 119 103 111 134 149 151 166 176 174 178 180 165 141 121 141 168 143 119 102 133 150 164 178 190 201 198
-52 -48 -46 -48 -48 -42 -33 -22 -13 -4 36 53 44 57 85 72 72 80 75 86 100 112 131 117 110 152 276 449 533 381 164 153 110 92 79 74 78 78 98 104 104 110 100 69 54 60 69 47 5 6 6 8 12 26 39 49 58 81 105 105 97 84 73 70 69 74 78 86 96 99 99 119 122 142 157 160 170 179 162 172 166 171 163 135 122 151 121 105 111 152 157 164 171 180 195 202
-47 -43 -41 -46 -46 -37 -27 -17 -7 2 50 54 19 41 57 54 53 56 61 78 85 107 112 127 216 269 278 366 393 184 105 124 114 87 64 71 89 100 93 77 82 94 71 56 49 55 32 5 6 6 7 9 18 36 45 68 85 96 91 83 59 55 80 111 117 127 129 132 134 130 129 145 147 147 151 160 168 154 161 155 160 173 176 161 117 113 89 107 134 171 200 214 223 204 195 192
-45 -42 -37 -46 -40 -30 -20 -10 -3 40 60 74 46 29 42 38 52 58 76 91 101 92 124 195 216 199 169 138 115 96 94 108 123 74 47 55 67 66 94 84 64 51 49 45 34 37 4 5 6 6 8 17 22 32 48 92 133 124 89 58 49 86 101 112 126 119 126 128 137 122 122 138 156 158 143 165 143 147 143 148 157 165 160 145 109 82 117 163 169 175 179 186 200 202 200 186
-49 -49 -46 -40 -33 -24 -14 -5 25 56 69 98 86 59 62 90 82 69 68 71 77 161 261 316 236 171 130 107 104 88 81 99 88 55 32 64 66 55 82 100 90 61 37 29 23 14 3 5 5 9 21 24 25 31 48 94 104 91 74 42 49 72 92 99 100 103 111 107 102 110 133 147 157 133 152 161 133 130 152 172 174 156 133 112 84 104 154 154 160 166 158 158 156 170 173 166
-48 -46 -40 -35 -27 -18 -9 5 46 48 41 57 70 62 72 66 65 75 107 120 178 252 297 220 153 129 97 102 129 138 155 108 42 35 28 65 79 78 65 76 91 63 39 34 22 3 4 4 4 8 12 16 23 38 46 48 38 36 34 48 66 67 59 75 79 90 96 101 105 118 131 150 133 135 140 141 130 150 153 165 154 157 139 86 96 142 142 143 162 152 144 148 159 164 158 162
-49 -44 -38 -30 -22 -12 -3 22 9 28 26 34 55 44 38 55 48 88 89 175 175 261 199 145 127 122 103 90 120 140 214 114 38 32 19 40 81 65 80 57 36 41 26 18 5 3 4 5 13 12 12 20 18 20 32 42 64 78 88 99 96 99 99 109 125 138 137 133 138 129 145 138 112 123 121 127 142 148 154 155 128 116 94 81 100 108 116 144 138 131 131 144 146 159 167 182
-49 -43 -34 -27 -19 -9 41 57 25 14 20 22 35 35 104 79 88 86 74 114 149 154 151 151 131 126 124 125 93 155 205 102 32 25 16 24 78 81 41 58 15 11 4 3 4 4 3 14 23 22 19 39 46 27 51 76 74 75 80 80 84 97 106 112 107 107 122 134 147 135 125 116 103 114 128 142 148 160 171 166 162 115 80 113 141 141 126 121 158 168 161 163 156 170 180 183
-49 -42 -34 -26 -17 -8 14 56 49 32 31 41 52 72 71 122 98 141 96 82 110 126 140 169 155 151 150 160 137 91 136 62 42 27 7 43 75 41 22 10 3 4 4 4 4 3 11 27 27 30 28 40 50 53 40 47 53 56 56 67 78 78 87 91 108 122 138 149 136 117 115 99 120 140 121 141 171 160 173 178 163 91 102 115 130 143 147 144 146 157 168 177 181 175 162 153
-49 -42 -34 -25 -19 -7 9 76 78 68 50 62 80 88 44 68 102 188 132 131 90 128 151 181 179 173 224 218 209 152 131 45 18 13 8 47 27 6 2 2 3 3 3 2 3 3 10 22 25 31 35 45 49 65 73 75 59 83 76 85 80 81 97 110 122 138 138 125 127 116 88 116 139 127 104 84 89 92 83 89 75 94 101 90 105 130 143 148 160 167 174 182 182 162 135 123
-55 -46 -37 -26 -16 -6 47 50 72 79 68 87 72 60 55 74 95 148 222 203 117 159 236 254 253 257 249 207 195 189 177 70 24 17 7 6 3 2 2 2 2 2 2 4 4 12 11 6 19 34 43 46 59 75 84 86 92 90 88 91 100 103 99 110 126 123 115 97 104 87 105 106 109 102 90 76 70 59 57 94 109 109 120 116 110 114 118 124 136 150 157 175 168 163 136 149
-61 -51 -41 -28 -17 -5 34 72 65 40 56 115 104 98 71 86 125 195 225 215 153 190 251 249 245 244 209 233 181 171 106 67 26 12 4 2 2 3 3 3 3 2 3 13 14 17 22 18 10 29 38 42 58 74 85 91 86 77 77 85 95 100 100 102 97 82 76 78 76 69 59 56 75 78 58 49 74 95 107 114 132 132 128 126 136 126 128 129 132 138 117 117 139 147 170 171
-69 -56 -45 -31 -17 -4 69 93 96 117 125 82 109 123 72 99 105 136 146 178 193 222 291 235 185 187 110 105 116 92 50 60 61 11 3 2 3 3 3 2 2 2 2 6 13 19 24 32 32 26 31 43 60 71 75 76 74 73 69 83 91 92 78 53 38 38 47 40 29 29 31 37 37 43 35 50 66 73 98 110 124 126 120 122 125 120 121 125 137 134 98 98 121 143 182 197
-75 -61 -46 -32 -20 -7 37 76 88 94 148 142 105 186 109 86 112 164 187 172 247 296 367 282 252 279 129 95 108 109 106 160 84 5 0 2 2 2 2 2 2 8 7 5 5 13 26 39 48 47 36 37 59 61 64 58 63 61 69 75 74 57 24 19 21 24 30 38 45 63 78 88 76 65 64 68 51 44 64 92 102 105 123 121 105 109 107 119 141 139 119 92 109 125 155 184
-80 -65 -48 -34 -20 -8 39 103 121 142 143 173 183 158 184 161 173 174 213 211 274 272 270 290 303 315 284 188 201 189 176 136 29 0 1 1 1 1 1 1 3 13 14 12 6 8 8 14 22 35 43 64 50 56 55 49 53 54 60 58 38 19 19 24 32 45 52 57 67 77 81 91 95 101 108 136 93 85 65 67 69 93 99 86 67 91 115 129 122 106 107 91 108 119 123 147
-83 -66 -49 -33 -20 -8 47 60 74 126 163 191 232 274 211 233 249 236 214 224 227 252 240 236 259 315 303 227 177 129 175 73 1 1 -4 1 -2 0 1 1 2 8 16 21 12 17 29 27 21 16 12 15 21 27 37 51 55 62 52 22 15 17 27 39 48 42 63 73 84 92 95 96 102 116 138 122 120 123 125 116 74 71 73 92 101 102 99 93 84 93 86 106 107 106 120 140
-79 -62 -44 -30 -16 -6 30 86 67 113 145 193 257 266 252 256 261 238 194 192 203 176 193 227 209 246 285 195 230 158 72 4 1 1 -3 1 0 1 4 10 9 4 12 20 24 25 25 25 37 42 55 40 29 24 22 15 12 12 14 16 21 27 38 47 54 59 53 73 82 77 78 93 94 103 100 104 106 124 141 133 130 136 126 119 146 136 125 100 96 105 112 114 116 126 138 148
-72 -56 -39 -25 -11 2 89 89 115 92 144 195 209 213 234 290 326 294 232 217 210 169 136 137 151 179 230 219 131 82 15 -1 -19 -13 -8 -1 1 4 11 12 13 4 10 22 30 34 37 34 39 55 62 61 49 61 64 51 43 31 26 31 36 42 44 53 61 73 79 68 56 58 62 62 70 74 89 91 109 130 132 134 142 136 132 134 146 146 149 154 145 144 154 137 141 140 143 168
-60 -48 -34 -20 -8 40 103 124 123 98 94 156 151 177 224 278 284 306 217 247 276 218 181 150 124 177 209 179 63 15 0 -1 -19 -12 -4 1 1 4 7 9 15 14 12 9 22 33 38 43 44 39 45 47 51 56 70 75 70 59 50 49 64 55 61 55 71 87 93 87 85 91 101 74 84 96 88 86 87 94 112 134 137 129 134 139 148 151 153 143 144 164 167 162 162 159 157 176
-48 -40 -27 -14 -1 93 96 126 155 171 147 95 116 143 226 245 231 263 250 239 292 266 209 179 200 178 166 96 21 3 -1 -1 -25 1 2 1 1 1 2 9 15 20 31 24 9 26 47 52 50 48 48 51 55 60 64 73 82 69 68 65 76 65 84 61 90 103 106 97 96 110 126 98 70 100 117 113 111 103 100 103 98 102 108 105 114 128 139 146 143 152 162 152 156 164 175 185
-44 -32 -20 -8 38 110 131 150 168 159 120 145 161 170 188 227 290 239 181 190 200 158 97 63 52 50 67 43 6 1 -1 -1 -1 1 2 2 1 2 4 4 4 20 29 28 26 15 17 29 39 50 56 63 62 71 71 70 78 75 84 81 85 80 75 65 92 103 112 122 132 128 124 94 88 74 88 94 99 114 134 141 106 121 144 140 110 125 140 150 152 157 162 158 155 161 172 188
-44 -29 -15 -3 81 116 144 180 180 145 121 134 161 191 196 267 244 185 131 86 77 45 15 12 9 86 52 1 -4 -1 -1 -1 -5 1 1 1 3 5 10 10 18 11 15 19 31 42 27 20 23 33 44 59 67 76 81 81 81 95 99 103 106 96 82 87 83 83 96 114 129 136 111 113 101 86 98 116 118 121 110 118 126 121 159 170 146 145 140 143 158 167 173 169 163 171 174 182
-39 -23 -9 32 85 126 164 177 162 149 131 136 166 180 262 299 262 238 186 126 44 20 6 39 30 92 17 -6 -1 -1 -1 -1 -1 1 2 2 6 6 10 18 24 19 26 34 32 36 34 39 36 27 29 52 65 77 81 85 83 88 99 105 107 98 106 105 94 109 113 128 143 133 132 134 113 99 97 104 120 137 131 107 121 154 171 177 179 167 165 170 164 164 177 179 171 180 190 186
-35 -17 -1 33 58 87 121 118 136 154 157 159 174 196 258 265 273 271 262 245 164 82 29 104 54 51 1 -1 -1 -1 -1 -1 -1 -1 -1 2 5 13 16 17 21 24 32 40 42 38 40 41 46 43 33 30 41 55 68 65 73 83 84 72 87 81 97 101 110 120 132 144 146 151 156 152 140 129 134 131 112 118 134 131 136 162 172 187 191 195 200 206 207 178 196 196 189 203 205 202
-33 -8 58 114 76 82 96 157 221 215 189 187 185 205 230 231 233 236 231 157 105 49 85 118 58 15 -1 -1 -1 -1 -1 -1 -1 -1 -1 2 8 21 19 18 25 33 39 47 45 40 37 49 54 53 49 42 38 58 57 56 52 56 56 60 61 72 78 78 96 116 136 133 131 135 153 163 166 151 161 181 179 150 147 150 166 177 177 202 220 210 219 226 223 196 198 229 214 277 252 216
-30 54 161 271 326 327 338 381 333 215 180 161 167 181 210 185 198 214 116 66 52 67 120 104 67 21 -1 -1 -1 -1 -1 -1 -2 -1 -1 -1 7 20 25 27 33 34 36 35 41 47 39 52 54 60 65 54 44 47 69 76 74 83 81 86 85 89 78 72 81 100 119 115 124 118 132 139 135 131 137 156 171 180 182 195 200 206 201 204 225 232 239 246 254 260 209 227 224 246 249 238
-30 -3 144 301 352 298 244 238 192 162 160 127 148 152 190 177 166 168 103 76 107 103 100 98 75 22 -1 -1 -1 -1 -1 -1 -1 -1 0 -1 15 22 26 24 21 22 26 34 38 45 45 48 57 64 71 65 60 57 48 70 75 82 99 100 104 109 107 96 94 84 94 97 104 98 104 113 110 129 146 155 164 172 178 202 213 230 253 235 203 216 231 251 267 259 225 224 231 231 240 241
-35 -14 -1 94 147 162 135 134 141 144 131 122 144 160 129 123 121 145 107 93 93 89 88 83 67 20 -2 -1 -2 -1 -2 -1 -1 8 18 12 2 7 10 8 14 22 25 31 41 47 51 51 53 64 72 73 72 66 64 59 63 55 65 77 85 99 113 112 125 118 98 111 119 130 140 141 136 153 151 161 174 192 199 195 214 235 248 267 246 245 247 285 306 293 264 278 257 236 251 241
-39 -19 -3 43 81 101 107 121 108 96 111 115 97 131 102 105 137 146 117 147 151 80 87 80 46 1 -1 -1 -1 -1 1 2 4 19 33 23 5 2 6 13 17 30 30 29 33 40 52 60 57 61 72 78 80 78 74 82 95 72 75 65 69 72 74 78 80 101 110 125 137 133 146 169 169 174 188 185 189 193 212 210 211 229 250 259 274 279 266 263 293 325 277 310 288 256 242 241
-46 -22 7 59 67 65 76 78 71 70 91 96 70 87 75 71 58 77 71 133 97 79 61 53 13 -1 -2 -1 1 7 10 9 13 16 30 39 25 7 5 16 23 28 33 34 38 41 48 56 58 66 76 84 81 85 84 102 103 84 96 85 88 85 100 101 96 84 86 93 114 119 134 165 181 179 194 206 220 224 236 224 236 249 277 267 268 290 282 268 292 319 320 287 326 308 268 247
-63 -32 -4 29 41 39 29 20 21 44 68 53 38 54 35 24 28 24 37 33 24 3 0 -1 -1 -1 -1 -1 2 2 0 0 0 5 15 40 31 14 8 8 16 21 27 30 37 42 45 45 50 58 68 77 72 79 84 103 115 100 104 104 100 105 110 117 115 106 97 105 98 101 127 148 166 180 182 188 189 221 254 249 233 247 276 288 285 317 310 284 287 296 311 312 333 331 299 270
-90 -61 -35 -20 -16 -5 -9 -5 -6 -1 10 16 13 1 -1 -1 -1 -1 0 3 7 43 4 -1 -1 -1 -1 -1 -1 -1 -1 2 5 7 9 31 30 22 13 12 15 19 21 30 34 34 38 48 56 60 59 62 70 77 90 104 117 115 119 117 114 122 129 134 140 126 101 115 123 113 115 128 137 142 148 150 159 194 240 261 241 240 254 278 302 295 299 283 285 290 297 311 325 296 286 270
-99 -86 -67 -47 -38 -30 -24 -18 -12 -8 -4 -2 -2 -1 -1 -5 4 45 87 92 70 35 25 -1 -1 -1 0 6 8 -1 2 5 16 13 12 22 34 34 21 15 20 24 26 25 28 31 35 40 46 53 55 63 74 81 90 97 104 115 108 97 109 118 133 135 134 140 137 151 140 139 151 160 167 159 161 172 156 175 227 260 254 242 248 248 253 261 265 280 286 290 301 319 333 308 281 279
-106 -103 -98 -92 -95 -67 -44 -31 -23 -15 -10 -6 -5 -2 -2 -1 -2 23 74 85 59 49 32 2 -1 4 0 17 30 9 11 6 23 27 17 23 38 32 23 21 26 24 27 28 29 31 36 41 46 50 56 62 69 78 81 86 98 103 99 90 102 115 126 103 111 132 148 164 171 166 185 194 204 205 186 188 184 179 230 243 229 235 233 234 243 260 262 284 306 300 309 337 330 303 304 297
-114 -113 -111 -110 -106 -90 -67 -41 -30 -22 -16 -12 -8 -6 -5 -3 -2 2 41 74 52 37 19 17 13 16 8 1 22 35 24 17 17 33 24 29 40 31 29 26 29 30 26 29 33 36 37 40 47 51 52 61 59 64 72 86 92 82 79 85 98 104 100 99 107 122 147 161 164 185 208 228 230 234 243 219 220 230 215 221 228 249 281 294 258 280 284 286 330 363 339 335 341 334 301 292
-121 -116 -113 -111 -106 -103 -91 -62 -41 -29 -24 -18 -15 -12 -11 -8 -6 -2 7 67 61 44 33 30 24 23 21 5 10 42 47 27 27 37 37 43 47 42 36 30 30 35 29 27 30 35 41 40 38 38 40 52 47 58 68 74 73 64 84 84 83 86 84 88 97 127 134 157 170 181 195 202 221 235 251 264 263 262 249 261 272 269 304 335 343 306 302 302 337 371 331 325 354 356 301 275
-122 -116 -111 -111 -111 -109 -100 -80 -49 -37 -30 -25 -22 -20 -19 -16 -11 -6 -2 46 66 55 42 44 32 31 28 17 8 39 55 31 40 53 60 59 52 60 49 38 30 28 30 34 33 37 43 36 27 32 35 37 31 46 59 57 67 71 74 63 71 68 75 95 104 115 128 155 163 170 192 215 238 265 276 289 285 289 297 299 320 318 306 322 359 373 337 345 357 329 309 292 328 338 329 296
-123 -117 -110 -114 -117 -113 -107 -105 -103 -71 -47 -36 -38 -33 -41 -30 -23 -13 -7 41 70 65 59 57 46 43 45 29 21 25 49 43 47 70 73 69 76 108 75 43 30 20 21 26 22 32 35 22 15 15 18 23 44 26 34 42 56 50 56 60 51 57 71 72 91 123 149 177 192 178 186 197 210 226 242 266 274 256 274 303 307 322 341 351 387 370 323 314 344 330 278 276 270 279 312 319
