Projects/fdf/maps/map_generators/tmp/CUSTOM_Portugal.txt
ncols        200
nrows        312
xllcorner    -9.517094539866
yllcorner    36.960179089711
dx           0.016634346399
dy           0.016647487245
[rows 86 to 128 of 312, columns 96 to 191 of 200]
585 612 603 609 616 601 585 563 502 509 485 553 577 550 501 489 502 532 574 582 567 516 511 582 661 636 644 709 532 492 698 719 683 549 486 489 477 513 558 550 573 562 574 567 633 662 653 648 654 636 627 678 666 692 622 660 679 660 631 576 680 739 736 742 733 742 722 699 653 702 701 688 704 721 685 618 639 676 691 713 743 775 785 791 789 780 793 803 776 768 753 753 755 756 756 757
549 524 530 565 591 526 529 457 450 425 463 472 475 473 457 507 542 579 519 473 478 498 552 633 643 673 712 665 450 519 618 537 595 481 448 446 472 500 546 562 584 626 607 567 594 673 697 686 680 626 626 677 687 720 672 627 700 683 688 594 649 734 749 756 741 761 740 724 663 677 714 707 712 727 692 632 664 688 705 719 722 736 757 815 829 806 808 815 811 793 762 759 764 764 765 766
491 479 484 531 587 504 476 395 429 481 484 406 423 470 527 536 554 548 473 473 508 571 607 624 626 651 696 591 446 516 497 461 471 446 432 456 486 567 613 596 603 643 617 605 595 673 721 698 655 676 664 716 706 718 653 640 718 710 696 626 590 674 743 769 758 770 764 741 706 671 733 738 720 722 694 641 653 683 693 697 711 823 828 829 838 828 823 831 820 792 783 765 772 775 775 776
452 455 484 514 530 461 375 412 453 480 445 388 440 428 438 443 446 484 569 590 598 595 618 612 641 638 599 485 418 549 458 460 420 438 434 459 525 591 523 635 648 668 618 681 678 693 732 737 715 703 687 730 727 703 639 677 734 724 714 714 600 635 742 775 772 775 761 752 728 684 734 739 707 698 671 633 651 666 681 688 709 786 797 782 789 753 813 779 809 797 809 775 786 786 787 788
478 473 481 477 430 342 364 413 409 387 361 376 409 521 570 569 541 587 572 559 562 595 636 654 641 489 530 406 490 485 411 440 422 416 435 431 486 523 529 679 728 661 723 782 759 760 753 746 745 742 709 738 749 684 657 732 750 746 742 731 613 668 747 777 780 785 759 768 710 710 740 730 696 654 667 649 642 658 676 685 684 691 691 732 787 712 733 733 761 821 816 788 789 816 810 811
443 427 445 459 398 334 365 378 393 446 457 421 473 483 490 501 535 558 634 640 629 622 658 628 475 470 448 403 439 404 452 497 461 465 487 450 458 486 533 709 769 725 864 816 814 778 762 751 728 725 741 738 691 671 683 732 769 754 764 724 657 670 742 782 794 787 765 776 723 735 744 721 690 658 679 660 635 649 635 671 656 668 667 672 702 707 717 732 782 822 828 800 796 808 823 829
425 440 383 342 287 321 408 461 477 497 510 513 490 504 511 559 579 599 612 566 507 527 545 443 399 436 400 461 485 429 472 539 625 556 470 498 505 451 541 683 754 872 888 826 877 800 758 743 748 770 768 760 717 685 737 776 783 772 785 742 641 700 763 787 796 771 779 745 734 724 740 716 686 675 669 632 654 651 650 638 642 645 649 653 659 662 696 745 752 770 822 823 807 817 827 845
397 336 289 346 394 424 474 499 511 521 513 518 588 622 608 660 657 575 564 511 437 412 395 391 428 447 433 487 499 514 595 701 752 552 500 665 609 461 591 798 817 926 862 824 856 799 800 818 800 788 780 757 736 689 743 799 799 788 773 712 653 746 787 798 780 785 765 747 739 730 744 722 693 680 662 636 675 673 646 634 630 615 618 641 636 656 680 693 720 741 788 844 832 833 843 857
293 272 356 397 408 428 443 436 451 450 464 513 541 533 513 535 506 433 451 430 391 370 374 382 418 436 480 502 540 608 767 928 766 665 637 727 529 497 709 865 840 895 852 827 823 848 837 859 824 818 798 780 744 703 772 805 777 727 684 624 676 751 794 797 780 779 752 758 742 731 743 722 699 686 658 627 655 663 641 643 641 642 634 625 622 637 668 672 687 714 786 860 863 865 887 880
271 377 366 383 406 413 410 421 416 426 486 467 454 431 414 367 353 356 353 341 366 384 399 423 444 507 551 531 647 737 878 926 877 865 911 732 525 618 905 942 844 869 867 847 800 810 810 813 794 792 817 792 749 708 790 796 777 782 735 641 698 762 811 803 787 774 761 755 745 737 742 719 700 687 660 640 635 661 662 658 652 653 640 672 661 627 639 661 684 720 788 889 909 894 932 996
349 370 382 406 426 427 392 383 428 465 463 451 379 333 328 352 390 405 373 364 381 414 449 435 457 517 574 640 755 960 1093 1093 1011 1036 919 579 709 844 933 888 838 824 844 854 814 799 798 786 789 779 769 739 728 757 805 807 788 729 715 672 724 782 813 804 801 775 772 758 746 760 758 728 706 685 658 631 647 683 693 684 680 655 651 669 679 666 660 685 705 756 796 901 1022 994 998 995
375 396 399 419 429 407 360 404 440 403 343 352 305 368 370 399 411 411 429 459 453 444 479 487 543 619 693 755 1006 1194 1231 1145 1089 1064 773 680 818 895 975 955 857 815 813 852 838 815 801 780 789 783 765 776 793 808 799 776 737 751 730 734 780 802 820 809 811 794 780 773 750 755 752 732 704 659 637 651 678 724 716 706 684 663 669 680 699 727 678 720 751 774 799 860 933 934 965 1053
373 379 380 401 391 345 272 330 343 299 376 398 405 447 440 439 439 446 491 514 526 561 641 639 740 810 1026 996 1169 1228 1148 1028 928 902 820 772 844 974 973 855 830 811 801 815 827 831 814 822 803 801 778 779 753 749 761 766 774 696 735 788 803 816 830 823 835 826 780 743 727 718 732 721 682 648 650 667 708 749 743 730 707 681 713 749 755 766 707 754 787 814 833 851 867 889 906 989
355 356 342 330 280 230 258 310 323 376 437 423 438 474 494 459 447 488 531 577 694 807 939 920 959 1059 1175 1105 1124 1087 958 910 838 944 875 765 924 959 908 873 875 845 826 799 787 795 781 776 773 773 765 769 766 772 806 785 704 679 744 823 824 822 836 830 829 787 767 752 718 701 694 706 683 655 669 683 695 737 764 779 755 765 810 803 780 749 714 733 753 795 795 833 896 895 869 908
327 346 305 233 270 347 365 367 394 395 421 419 443 486 515 484 490 542 590 707 860 975 1163 1303 1238 1252 1140 1046 1072 965 866 850 953 990 835 884 873 983 912 887 731 892 871 842 831 820 805 812 815 803 788 775 756 722 718 697 710 727 709 794 836 844 842 840 820 805 778 742 739 720 692 675 664 652 677 729 749 758 814 829 801 821 815 774 743 770 774 768 773 739 773 746 774 794 790 798
322 259 252 328 356 352 373 391 409 435 442 427 439 464 462 480 533 599 714 789 979 1217 1440 1444 1139 1044 979 996 1059 1121 1004 934 1055 989 937 947 695 768 717 783 701 875 883 858 829 816 798 783 790 769 766 756 744 722 690 744 759 783 748 766 776 808 835 845 813 791 784 773 742 720 694 667 664 681 719 809 826 805 837 828 812 809 769 767 776 791 796 774 801 785 767 788 772 780 808 864
238 244 324 355 376 374 369 394 406 426 435 448 459 434 456 514 637 730 804 1056 1126 1403 1374 1154 1042 999 1090 1138 1165 1109 992 962 870 903 1028 811 666 571 647 625 752 867 872 847 826 807 798 798 791 774 758 747 719 725 737 782 775 788 768 760 785 800 833 853 831 802 776 747 715 688 670 675 695 774 822 855 840 833 830 810 792 773 795 812 785 801 816 804 801 816 791 801 848 902 962 1034
269 333 339 359 331 343 371 395 436 443 422 431 430 429 525 668 871 1032 1071 1269 1370 1318 1211 1138 1077 1125 945 1120 1089 914 966 760 666 955 818 588 576 515 547 671 855 861 851 813 812 790 782 783 764 736 726 734 723 731 724 791 784 792 811 803 777 835 816 841 816 785 758 725 693 679 674 688 765 859 861 849 829 833 812 773 782 813 805 825 801 808 829 836 830 844 845 849 930 1122 1199 1079
278 324 328 308 335 389 410 427 453 473 479 452 469 583 813 915 1076 1283 1289 1387 1388 1355 1248 1092 1052 962 725 718 676 736 735 569 733 751 594 516 508 583 600 801 753 783 844 833 809 784 756 746 766 778 771 767 733 723 767 801 792 806 805 826 798 824 825 825 817 792 748 711 703 706 704 733 838 881 864 828 812 803 784 806 791 824 817 828 823 824 843 870 857 888 951 1009 1026 1350 1300 1180
331 291 307 366 402 418 434 439 447 481 513 529 595 786 947 1035 1108 1148 1319 1401 1465 1460 1016 799 809 757 816 821 647 581 564 550 603 516 487 531 586 595 600 728 632 706 800 853 848 820 777 773 810 803 775 741 730 721 743 784 814 816 815 808 789 826 834 822 829 841 842 826 819 823 824 814 842 869 856 815 797 810 822 824 793 803 832 838 857 854 873 890 900 1032 1205 1203 1247 1270 1284 1109
353 358 383 391 396 440 443 448 491 485 454 425 546 797 1062 1268 1345 1474 1472 1568 1589 1487 1033 1114 974 1022 775 647 581 594 725 768 590 495 471 519 554 524 590 595 614 648 733 783 822 845 835 807 833 848 835 777 755 739 752 792 844 843 841 820 805 848 844 827 836 848 860 852 850 864 848 836 855 847 835 810 826 841 844 839 824 811 824 846 871 901 932 960 1039 1181 985 866 902 839 862 1083
342 372 407 452 485 529 540 525 459 373 540 541 718 1000 1216 1279 1503 1619 1637 1665 1650 1471 1203 1401 1238 927 695 712 787 731 905 670 523 467 496 510 500 523 544 516 534 616 691 627 721 851 848 788 774 767 764 782 828 804 787 815 863 867 869 852 853 855 876 851 872 857 848 867 891 877 863 865 862 858 836 829 849 864 866 854 823 832 865 856 901 1000 1091 1068 1137 1243 1029 759 737 686 729 725
380 421 435 474 521 531 466 378 441 519 563 684 879 1127 1246 1589 1744 1768 1772 1635 1599 1287 1388 1386 1242 904 776 924 824 867 784 549 460 491 542 489 477 506 499 483 498 523 555 652 848 860 800 773 771 772 771 794 832 845 830 863 908 903 896 881 913 905 896 867 904 902 903 903 898 883 878 867 843 816 814 830 842 861 870 860 840 833 876 900 948 975 978 982 1129 1300 1078 795 658 631 588 768
430 479 521 529 424 340 383 523 710 793 796 880 872 926 959 1263 1637 1762 1859 1731 1472 1437 1536 1434 1314 990 1034 772 639 708 526 453 473 571 489 465 467 473 498 524 597 595 673 771 780 756 806 834 823 793 785 816 841 850 872 891 913 925 957 961 1006 1009 943 909 935 920 898 879 871 867 848 832 821 853 866 865 839 864 885 913 870 838 875 875 882 919 779 792 1011 1030 1175 1031 1032 942 595 619
449 490 469 341 365 468 510 520 526 648 555 579 697 815 962 1308 1538 1749 1897 1733 1556 1591 1585 1511 1373 1080 837 623 556 527 452 471 467 470 453 458 471 493 534 544 537 617 624 697 694 731 821 873 783 806 783 793 817 823 840 838 846 886 947 1007 1077 1087 1046 999 953 929 908 874 854 849 850 859 894 915 895 848 862 865 888 952 1050 982 905 910 988 782 582 775 851 799 938 881 697 719 603 517
348 339 354 364 329 366 371 403 374 441 489 675 766 742 817 935 1053 1343 1460 1475 1551 1575 1404 1276 1013 769 562 488 527 515 443 445 461 449 477 474 474 501 524 526 536 541 552 609 700 748 787 800 683 775 813 823 833 853 904 914 885 867 911 937 990 1027 1010 1050 1018 955 898 916 951 895 878 921 918 882 849 860 900 945 952 933 925 1002 989 993 868 610 557 811 915 661 689 612 557 528 508 475
358 372 570 554 590 641 777 536 457 535 457 471 540 658 800 1005 1283 1244 993 1074 1350 1214 1149 1092 796 595 475 453 473 442 448 443 446 453 461 474 505 549 625 665 582 574 703 605 604 646 710 743 639 789 867 882 928 972 1020 990 978 922 906 914 921 948 1010 1104 1044 960 939 947 944 906 888 914 885 853 869 897 994 1091 1044 1055 1070 1026 886 750 556 494 631 828 710 649 617 581 561 577 647 600
478 415 408 535 728 954 896 509 647 721 634 565 714 957 1104 1175 1101 889 790 888 839 823 1028 981 704 521 466 437 436 436 434 447 486 491 476 498 555 628 640 578 502 561 522 516 583 658 615 621 598 657 756 828 909 933 984 943 940 987 973 953 935 1004 1051 1139 1067 1088 1050 999 946 925 913 938 935 880 907 903 963 1077 1076 1127 1220 903 602 513 456 614 904 925 758 747 591 484 535 649 567 560
628 560 634 542 649 900 676 679 725 936 784 700 805 739 783 873 750 688 684 639 604 726 805 820 589 457 427 424 432 474 468 459 510 531 548 560 568 548 513 491 489 488 485 535 559 529 584 659 670 771 725 741 823 885 874 819 828 921 894 759 817 811 854 887 1026 1188 1205 1129 1033 1085 1127 962 780 862 899 689 757 775 718 948 926 911 651 453 514 654 875 825 544 524 483 488 601 550 519 505
629 601 794 689 727 855 802 883 1133 948 845 886 810 631 621 679 586 605 565 542 600 666 681 589 478 422 423 445 485 523 580 581 586 612 548 537 529 469 461 459 463 465 476 499 497 549 596 637 741 733 919 891 792 731 736 739 731 778 624 596 639 576 600 564 695 787 1000 920 948 1254 1198 753 593 731 789 567 571 538 574 622 735 693 503 427 495 471 507 522 477 440 438 541 587 502 478 453
677 857 960 928 1080 1084 1161 1084 1057 847 680 714 793 638 600 605 520 512 549 656 578 562 562 520 434 437 490 556 606 648 641 592 524 596 514 464 449 454 472 512 536 532 501 509 528 535 518 582 671 615 700 709 730 639 721 586 541 607 523 541 518 472 463 451 510 649 675 623 802 969 815 652 516 519 653 591 512 474 560 677 579 498 447 422 410 416 461 454 430 418 457 517 589 535 485 450
805 979 894 847 906 933 916 990 857 708 657 594 628 504 554 579 531 486 608 534 482 453 433 417 411 426 456 488 479 496 516 494 473 491 453 470 465 474 490 556 627 661 596 591 595 609 592 532 542 539 555 580 610 677 757 546 487 498 478 508 447 420 410 416 431 461 537 714 903 946 798 631 535 461 495 474 428 474 493 517 580 476 450 458 402 395 423 410 384 406 482 570 693 550 476 447
838 930 797 702 743 824 1102 1119 864 745 598 532 592 477 521 472 449 493 479 430 409 437 430 404 400 414 411 411 429 438 445 435 435 440 453 473 507 479 467 473 474 497 468 476 470 500 545 575 614 515 519 590 647 567 541 511 462 437 439 438 423 387 403 467 479 560 678 780 709 787 933 759 577 453 433 415 421 441 431 473 463 442 511 465 382 344 358 388 392 433 562 660 647 581 512 517
636 707 737 691 800 963 954 997 789 767 742 550 521 450 448 425 446 428 425 465 563 527 436 410 421 432 425 416 430 469 495 467 452 491 523 451 419 410 411 422 427 426 430 444 506 500 479 498 532 490 453 503 528 471 445 469 461 411 413 403 401 384 439 493 528 537 555 533 563 624 728 605 496 442 412 391 375 387 411 423 388 399 377 351 342 368 390 409 431 438 470 504 556 547 543 516
668 772 875 882 886 912 809 838 909 889 680 601 522 464 399 407 435 433 515 621 656 476 426 431 444 460 454 448 436 469 542 488 466 489 522 464 427 393 385 401 409 410 418 428 437 442 451 479 470 437 423 438 449 434 409 441 435 407 377 376 363 406 438 439 452 464 450 460 492 550 717 665 524 483 415 388 389 354 364 350 349 336 321 324 346 373 388 408 424 443 466 493 502 504 458 472
782 914 969 915 789 758 756 775 874 841 716 559 464 467 469 436 510 466 467 487 551 493 487 514 541 551 511 495 508 553 643 546 516 533 589 529 443 410 376 389 403 391 413 410 419 437 447 493 469 425 398 403 401 388 384 401 418 418 400 355 366 421 419 392 405 418 433 494 571 591 518 511 488 421 367 346 343 327 333 320 321 308 309 338 364 378 394 418 443 463 456 441 458 486 455 421
721 786 922 740 762 691 678 713 596 575 526 479 428 539 620 549 617 620 592 514 505 516 561 660 796 763 698 716 691 623 604 579 575 483 465 445 412 371 367 387 388 391 404 404 422 433 464 474 479 434 420 407 387 384 363 349 353 355 355 345 380 374 372 415 459 499 518 500 433 400 384 377 379 361 327 313 287 297 294 304 320 340 347 365 371 398 417 430 446 441 431 428 442 479 464 441
640 647 781 745 662 589 534 509 579 526 404 446 498 604 709 711 849 702 591 626 673 589 649 881 993 980 895 612 522 465 456 453 456 438 410 376 383 363 374 374 376 410 391 421 481 464 432 443 522 522 516 468 440 421 415 406 390 403 377 336 353 366 416 470 489 478 515 449 397 363 321 309 312 305 291 297 275 288 285 289 315 358 388 395 389 403 415 432 425 414 419 432 422 428 430 404
528 664 619 629 721 511 418 371 411 451 468 506 560 665 645 737 845 784 783 837 691 703 842 1061 1011 727 630 514 456 429 415 409 409 395 384 379 348 365 358 364 383 396 379 411 446 415 427 463 495 521 594 631 574 546 551 477 439 402 369 352 328 372 398 427 411 425 427 414 365 320 302 285 290 286 275 267 271 280 278 282 306 343 377 374 377 388 403 417 386 391 402 419 416 402 393 364
594 607 531 655 727 565 416 357 431 462 488 516 542 572 666 775 678 696 617 618 671 790 873 893 950 772 567 484 446 396 387 378 387 393 372 370 351 353 384 392 387 367 379 410 395 416 442 483 552 495 472 505 618 603 607 560 455 418 383 346 314 325 336 398 385 371 348 331 310 295 292 279 266 271 263 259 268 274 274 279 298 331 360 363 366 381 399 402 352 347 365 379 387 382 373 306
562 524 590 584 558 513 438 380 436 420 433 542 662 632 798 644 576 542 493 538 594 625 736 690 586 554 503 455 397 377 371 365 366 380 357 338 345 376 390 402 386 352 355 368 410 427 438 450 494 459 437 439 477 563 551 595 605 508 446 394 344 334 336 371 337 326 320 299 290 275 269 265 264 259 253 256 267 269 274 283 294 313 336 344 360 377 391 394 350 315 297 302 301 309 317 293
617 479 459 468 439 412 397 434 454 475 483 593 841 815 616 492 500 472 455 440 484 539 591 570 467 457 442 412 403 390 374 350 347 355 328 341 365 365 378 402 396 343 354 371 378 402 410 422 528 478 422 401 419 435 453 522 623 601 522 460 395 353 303 307 328 356 332 315 305 286 270 262 253 249 250 260 272 270 276 294 312 326 325 331 323 306 322 332 375 342 302 279 276 304 327 271
482 389 354 407 364 365 417 490 540 606 659 769 869 826 715 464 467 438 387 379 436 509 507 472 440 411 399 403 404 402 371 337 341 343 325 359 379 393 393 388 384 353 334 353 364 347 356 400 406 410 388 391 397 422 449 470 496 535 586 549 439 384 337 303 345 381 367 340 305 286 274 267 261 253 261 266 268 272 293 313 307 321 360 338 292 269 294 313 313 305 281 268 274 305 318 262
