Projects/fdf/maps/map_generators/tmp/CUSTOM_Portugal.txt
ncols        200
nrows        312
xllcorner    -9.517094539866
yllcorner    36.960179089711
dx           0.016634346399
dy           0.016647487245
[rows 0 to 42 of 312, columns 96 to 191 of 200]
501 559 611 755 833 792 854 829 705 684 636 620 617 617 617 617 619 622 630 682 842 821 731 785 773 864 1088 1213 1314 1180 1295 1394 1475 1360 1173 1072 1303 1448 1412 1368 1227 1065 1138 887 874 998 883 738 710 821 887 841 1101 1225 1342 1406 1308 1265 1291 1269 1280 1428 1433 1550 1588 1600 1635 1666 1683 1498 1453 1588 1447 1331 1368 1374 1164 1178 1128 1123 1198 1188 1113 1154 1238 1370 1206 1168 1166 1252 1283 1228 1229 1175 1073 1063
595 697 725 771 758 732 788 806 737 677 631 619 617 615 615 616 618 621 634 737 903 947 867 802 761 792 945 992 1268 1296 1306 1301 1325 1228 1221 1212 1066 1081 1248 1409 1384 1162 930 830 947 880 848 706 755 901 963 838 1153 1379 1405 1363 1197 1349 1368 1453 1544 1618 1496 1616 1696 1663 1617 1600 1571 1391 1155 1271 1164 1097 1104 1123 1044 1085 1076 1058 1086 1073 1066 1072 1098 1174 1225 1111 1091 1159 1220 1098 1109 1070 1052 985
723 805 799 731 682 703 711 756 801 705 629 618 616 615 615 616 642 712 726 814 863 875 885 828 760 679 755 817 1008 1182 1162 1138 1180 1264 1123 1072 1085 1021 991 1190 1301 1018 889 871 809 830 864 765 764 974 1137 904 1190 1399 1375 1242 1140 1306 1455 1622 1682 1656 1607 1695 1713 1655 1618 1589 1442 1235 1127 1048 1035 1023 1000 1017 988 1008 1043 1209 1216 1114 1036 1033 1042 1069 1095 1036 1051 1047 1117 1057 1007 989 965 965
750 797 775 686 656 644 639 685 694 642 622 616 615 614 614 638 713 692 672 693 758 819 852 823 651 590 712 835 799 998 1039 1099 1106 1074 1206 1104 1012 985 945 999 1017 901 958 949 949 1107 923 905 860 1046 1359 1099 1002 1127 1232 1093 1134 1330 1590 1624 1553 1541 1646 1761 1755 1687 1694 1751 1671 1549 1358 1300 1161 1077 1038 1000 965 981 1044 1129 1270 1206 1066 1004 1003 1047 1074 1022 1008 1103 1077 1011 970 934 921 915
831 851 815 709 636 620 617 624 622 615 616 617 617 627 662 684 640 630 630 646 695 783 827 735 641 524 544 663 738 834 815 888 969 1006 1028 1009 1018 926 926 941 889 939 1011 970 1002 984 957 973 993 1229 1400 1382 1328 1195 1105 1118 1302 1479 1553 1421 1479 1613 1540 1696 1737 1795 1788 1751 1688 1570 1442 1201 1062 999 986 956 948 941 986 1011 1049 1142 1167 1023 975 985 971 962 975 979 973 952 932 913 906 906
958 922 822 702 630 617 616 613 614 615 616 618 628 652 647 622 624 624 627 637 663 777 821 768 702 657 520 515 549 629 688 772 917 1003 1013 946 973 979 1017 992 996 982 932 968 1011 1015 978 963 1048 1163 1174 1293 1332 1396 1303 1250 1471 1566 1374 1246 1464 1538 1393 1431 1648 1696 1674 1731 1627 1420 1392 1196 1048 979 978 936 945 935 935 967 982 1063 1053 1025 997 985 1034 977 954 940 932 918 911 907 894 878
925 882 785 654 617 612 613 615 616 618 618 618 619 620 621 624 630 627 632 639 670 771 820 834 785 734 553 557 545 576 616 719 803 1010 1153 1113 969 905 847 825 842 892 915 857 915 914 909 920 1026 1061 1077 1091 1127 1190 1136 1200 1448 1476 1322 1189 1247 1258 1174 1379 1558 1597 1485 1468 1413 1242 1225 1110 967 932 925 928 939 931 907 936 940 965 969 961 945 952 979 1009 973 965 957 962 941 925 904 890
753 749 737 613 613 616 626 637 628 628 626 628 641 652 623 624 632 634 635 650 718 806 813 839 924 839 725 606 537 510 651 751 848 1035 1150 1100 1043 1020 997 960 787 856 830 824 865 862 904 1103 1063 1029 1017 984 985 1005 1041 1137 1231 1276 1171 1057 1031 1048 1104 1244 1350 1391 1365 1213 1126 1104 1039 994 950 954 1011 1027 1006 1010 945 913 911 906 930 919 929 910 907 918 918 924 930 950 970 960 921 917
600 637 633 636 656 696 772 758 755 704 743 763 730 648 635 643 641 670 676 662 707 792 857 800 843 1006 841 480 528 614 549 601 699 949 1002 970 948 906 943 1004 824 835 803 835 882 794 994 1040 1017 995 940 960 995 997 1119 1301 1172 1223 1335 1115 1023 1180 1331 1551 1634 1514 1499 1480 1432 1298 1096 1030 984 1025 1095 1098 1093 1043 1002 1005 1014 980 902 891 898 907 890 888 871 909 901 902 902 923 914 885
669 798 778 842 869 933 935 897 820 842 808 798 741 648 649 682 709 790 760 756 795 808 821 740 622 728 658 481 412 465 459 519 659 858 996 905 845 798 787 803 750 738 758 820 825 758 896 925 955 935 976 1008 976 986 1098 1115 1020 1081 1166 1186 994 945 1123 1429 1574 1430 1425 1514 1446 1333 1208 1134 1007 971 995 988 1000 974 1039 1054 1008 993 947 915 897 918 913 907 899 865 871 857 862 889 880 879
926 971 925 879 897 937 961 926 856 838 807 774 737 750 784 776 757 785 797 827 881 874 760 689 547 584 631 476 401 407 429 508 626 852 964 905 824 829 827 851 778 716 768 738 748 719 904 1015 1082 1021 998 940 933 960 927 955 997 995 1090 1218 1000 880 1025 1265 1407 1275 1393 1407 1353 1331 1183 959 872 1003 988 902 883 893 963 968 1000 1002 971 928 962 1019 997 983 939 904 877 880 872 849 845 846
889 893 877 897 986 1058 1113 1056 1026 1003 1041 951 862 811 791 773 773 800 815 847 860 828 754 703 554 471 505 571 401 396 433 491 580 801 850 900 791 755 767 751 766 783 850 726 657 759 757 903 954 929 968 922 952 871 912 959 959 942 980 1003 927 844 946 1070 1121 1135 1303 1303 1291 1274 1208 932 828 892 888 883 879 839 853 932 979 937 970 992 972 996 968 968 977 978 954 942 899 884 868 861
913 919 889 916 992 1054 1120 1135 1022 1052 1033 902 827 804 817 842 881 868 802 839 799 733 721 767 653 451 412 467 432 389 432 504 608 700 789 803 788 739 752 770 753 680 653 742 664 758 698 844 806 783 768 826 818 863 927 955 899 851 864 873 882 906 940 1039 991 1114 1259 1204 1206 1170 1171 941 781 843 837 832 845 827 776 831 892 916 882 873 893 938 958 930 914 908 908 905 904 895 873 855
858 875 865 910 1044 1003 953 944 912 938 907 851 859 917 1046 1036 863 765 767 762 740 676 682 687 646 452 380 377 381 383 405 535 637 656 729 786 772 754 768 784 793 744 628 662 656 755 675 706 666 729 816 947 894 911 971 1033 906 812 809 821 903 1032 1067 956 892 1099 1188 1072 1079 1007 1042 873 773 819 789 817 796 822 759 830 837 822 792 863 974 992 1012 1051 989 936 931 887 869 859 854 854
838 840 842 850 905 871 869 876 908 969 1003 956 1171 1223 1163 956 766 741 760 714 687 653 641 617 499 512 502 455 385 388 461 599 636 659 669 726 784 820 897 906 902 852 827 783 611 773 853 764 642 716 845 992 1015 1038 1088 1150 978 889 786 776 910 929 973 898 916 999 991 961 923 926 945 819 842 769 791 754 816 813 728 805 817 767 766 800 832 886 941 1056 1006 1021 1057 975 951 954 926 897
987 927 895 871 1014 1022 1031 1021 1027 1144 1128 1175 1366 1313 1044 818 765 740 728 670 654 638 653 599 516 581 479 382 370 400 526 642 638 646 652 706 759 870 961 799 762 831 796 825 652 761 784 677 699 716 776 869 904 937 1045 1105 1073 903 750 699 837 868 900 883 811 870 940 929 901 933 803 710 762 769 763 756 794 751 711 839 783 752 730 710 743 790 815 862 901 871 917 906 886 957 1035 1050
1214 1123 1007 1041 1227 1269 1222 1158 1154 1110 1143 1278 1384 1076 917 771 754 723 654 632 596 597 584 565 581 617 468 377 369 400 498 575 634 588 641 742 836 883 841 726 679 775 714 700 627 722 688 561 683 672 705 798 824 865 950 972 1035 1000 887 719 813 864 813 815 839 867 867 930 899 854 759 690 744 695 727 725 775 681 756 831 870 853 810 731 689 714 740 789 812 821 869 855 851 869 886 920
1254 1260 1147 1201 1283 1267 1179 1191 1087 1033 1136 1193 1072 928 867 818 729 699 724 698 746 758 734 723 762 665 535 384 366 398 539 617 604 522 651 760 823 807 786 779 720 670 620 554 596 681 719 614 571 620 646 707 749 803 871 917 958 952 833 699 814 874 729 783 849 895 901 862 824 715 650 658 665 686 660 705 687 701 741 793 846 818 763 736 673 740 812 845 846 862 860 860 835 829 831 848
1224 1267 1240 1273 1163 1062 1075 1123 1017 999 1076 1040 943 931 872 826 832 809 791 761 831 847 814 750 715 554 459 378 369 381 431 490 472 600 775 961 930 830 738 752 711 601 573 530 629 787 781 593 667 685 641 761 812 813 743 855 924 852 730 664 747 771 726 749 854 886 884 821 800 736 644 639 650 647 647 643 674 747 811 882 864 804 764 696 695 750 813 780 800 804 826 849 848 835 825 810
1189 1145 1200 1166 997 946 970 960 957 968 988 966 984 956 917 883 852 827 793 828 837 850 806 670 629 552 432 413 425 372 392 405 429 592 759 882 911 890 811 717 674 686 571 587 716 769 743 592 663 759 796 801 707 707 676 654 728 743 649 664 659 677 731 839 874 883 827 779 746 682 615 647 657 621 600 655 788 874 869 856 840 778 742 692 727 761 779 735 752 778 827 844 838 830 821 814
1125 1041 1061 993 928 943 1007 1012 1051 1016 972 1045 1111 1060 1048 982 947 953 912 877 881 891 828 701 585 486 455 456 413 373 378 395 465 591 682 711 815 867 893 857 728 626 534 542 708 732 659 551 729 775 736 734 703 667 658 512 548 668 633 684 726 796 865 957 937 822 765 751 675 679 629 604 606 575 602 740 808 853 850 838 796 762 702 651 733 735 713 682 697 730 764 811 841 836 828 821
1010 925 927 943 992 1082 1148 1042 974 937 936 1058 1036 1023 976 946 914 966 966 954 896 845 728 641 623 627 473 408 410 373 398 479 607 626 631 696 806 845 820 829 804 781 638 504 639 647 596 541 682 701 690 554 577 666 561 498 680 771 755 810 737 742 873 1019 968 871 772 724 702 697 713 630 590 545 596 686 783 814 808 774 765 713 660 671 674 685 664 713 784 811 780 795 823 841 834 824
925 1010 994 1060 1119 1136 1045 958 897 907 918 917 920 940 890 925 914 906 824 754 766 699 652 610 605 502 419 403 374 358 377 449 539 588 673 756 880 842 778 749 702 673 632 548 503 539 522 639 656 630 633 489 505 563 626 677 718 763 925 891 830 840 839 947 1005 867 764 713 720 768 726 644 577 614 589 643 718 735 770 734 707 725 655 647 680 651 681 713 724 776 811 845 856 852 848 839
1085 1068 1024 1005 988 1014 953 896 864 871 873 880 856 847 904 944 913 769 633 575 655 634 597 543 451 409 418 405 359 353 377 504 593 654 766 871 854 769 694 674 643 649 652 678 585 466 547 603 555 610 583 480 661 766 769 824 871 855 875 954 977 913 955 985 1048 954 802 754 759 779 748 690 537 533 590 616 663 707 746 727 684 664 628 678 722 743 739 779 790 768 815 853 863 883 872 867
1034 951 925 886 870 864 866 859 859 928 928 899 891 825 851 914 1013 841 588 558 564 600 638 494 436 419 379 366 349 366 478 642 761 797 813 799 751 703 639 705 707 705 662 589 503 514 609 578 530 494 450 590 632 670 736 813 849 817 911 930 942 976 1052 1122 1034 880 792 766 747 719 660 591 597 684 576 580 664 728 756 689 658 611 646 663 697 714 768 803 823 827 856 881 865 855 852 860
946 866 828 819 865 903 908 895 952 1018 1007 910 859 789 861 949 1067 787 572 533 603 632 478 436 424 447 382 350 352 403 569 702 726 770 753 724 645 620 728 740 728 701 628 473 464 523 553 531 442 415 431 495 661 728 733 823 814 727 836 798 845 891 1016 1137 1077 924 795 757 713 665 685 626 769 741 678 587 738 765 737 664 615 634 600 673 666 711 753 768 775 815 847 868 866 865 853 857
760 750 854 930 1016 1080 1060 1046 1047 993 965 866 818 801 862 900 781 606 531 575 583 520 458 390 398 381 376 358 396 547 646 693 729 809 733 645 615 684 720 652 638 601 483 419 532 544 480 463 426 514 606 524 564 608 669 684 656 779 772 858 883 904 991 1127 1171 917 793 737 688 684 745 776 791 776 727 584 667 716 740 712 709 707 598 635 674 691 715 785 817 817 833 864 864 848 827 853
817 898 1036 1097 1167 1137 1053 982 988 959 941 845 756 814 722 619 591 569 553 660 532 505 404 384 458 443 430 405 605 840 819 786 801 807 758 705 644 651 617 531 517 525 406 453 492 485 430 384 387 471 569 645 618 612 554 578 750 748 794 860 921 1070 1149 1057 930 850 759 695 665 734 797 823 793 750 739 714 570 622 681 715 679 663 577 643 662 715 750 754 777 807 828 846 849 826 810 823
923 1005 1125 1162 1154 1025 987 938 998 947 941 850 755 762 685 547 505 556 593 605 466 404 446 519 575 568 528 649 831 847 823 787 755 753 747 686 638 541 498 427 421 455 360 434 426 414 379 319 361 435 511 583 569 568 526 610 674 760 815 823 874 959 1058 983 921 798 735 708 755 778 825 831 798 777 705 709 588 675 715 698 633 600 629 617 665 743 769 815 842 856 807 835 836 809 796 803
907 986 986 936 930 799 879 870 923 924 961 849 773 800 809 575 597 606 518 448 372 373 500 577 671 610 577 757 807 827 798 732 684 688 683 661 617 616 504 454 390 351 371 425 356 324 307 328 388 423 559 492 441 447 516 580 611 736 864 908 993 1095 1038 976 925 840 808 817 843 817 833 821 779 751 716 630 547 641 725 679 631 553 614 677 717 715 750 775 786 769 755 789 808 803 775 784
940 999 948 808 754 728 738 757 825 923 959 804 734 818 788 536 604 502 395 391 388 414 466 544 527 467 755 841 849 827 796 710 622 616 594 618 609 572 449 444 391 349 406 412 347 310 297 313 318 330 395 370 441 451 506 557 604 719 798 852 1057 1099 937 927 867 872 863 844 875 826 795 766 711 724 704 709 638 595 694 676 587 579 616 646 684 735 748 754 726 719 734 778 790 762 744 773
1003 962 830 737 668 717 708 608 641 799 730 605 767 883 709 489 447 401 387 381 421 356 384 455 421 495 719 854 893 859 784 672 603 542 543 574 546 534 459 377 331 378 404 377 342 282 277 279 308 438 441 406 443 469 556 607 614 647 714 851 966 932 862 803 771 796 800 818 883 861 814 752 727 679 667 693 631 525 634 667 580 549 597 648 683 713 708 696 694 706 721 759 756 741 725 754
1037 971 846 757 726 643 697 544 551 674 597 555 782 732 536 442 609 548 538 555 501 376 402 385 402 614 727 830 911 881 822 649 538 517 493 503 475 468 475 385 303 335 367 342 309 268 309 302 342 428 463 560 562 514 580 646 693 700 739 816 804 726 754 727 731 769 813 862 858 795 752 682 691 616 618 637 527 635 674 649 575 554 585 640 683 693 681 670 735 745 704 708 720 743 773 773
960 1080 995 720 583 571 598 531 591 561 550 649 611 416 434 633 744 624 643 689 539 534 467 473 615 767 873 888 890 852 818 728 564 489 444 418 423 424 442 368 317 373 348 318 313 276 317 310 348 408 506 581 598 590 660 697 765 739 730 741 705 660 718 682 728 748 802 783 785 763 694 669 666 611 554 588 514 639 675 701 665 545 612 662 699 700 656 674 711 751 748 730 745 764 804 784
871 1019 1006 917 787 609 455 464 504 573 583 487 383 364 471 574 598 556 618 660 599 641 539 616 870 929 895 850 803 800 750 646 548 470 399 330 379 407 408 374 297 342 321 282 315 293 312 374 472 503 553 549 580 630 708 786 791 758 685 678 629 622 665 668 653 710 695 697 668 630 610 640 631 539 448 470 547 627 645 681 664 556 594 675 690 687 629 664 694 733 766 763 774 768 792 766
705 924 949 850 648 526 446 540 486 429 363 348 472 626 708 726 655 603 590 569 590 645 641 861 1073 961 877 838 786 753 719 590 474 415 373 319 316 326 321 269 274 329 349 297 258 273 298 393 506 529 493 461 513 582 649 743 746 716 678 642 639 625 621 628 662 678 634 641 634 602 608 607 606 557 437 434 516 573 604 637 634 538 599 673 660 616 660 739 735 743 773 786 788 788 782 765
517 695 644 687 522 380 452 416 312 300 451 562 704 904 1041 979 875 788 629 583 674 825 932 1048 1070 980 887 820 772 689 698 631 567 499 439 367 349 344 281 270 252 297 328 313 267 268 326 410 440 450 433 395 468 544 601 688 661 637 611 642 719 625 582 604 641 631 592 573 577 561 585 567 581 555 513 425 526 551 597 590 578 512 608 627 563 594 685 724 735 768 774 775 756 781 799 777
419 459 417 472 325 310 285 278 321 558 564 805 986 1047 1008 952 931 773 614 738 860 967 983 1030 995 942 878 826 682 663 695 592 519 496 434 384 382 362 322 287 264 258 306 280 243 253 295 371 365 372 354 401 476 513 559 684 586 559 557 582 615 567 570 593 606 614 618 600 572 558 554 546 571 535 475 390 470 540 578 545 452 586 624 607 525 545 615 630 685 704 745 739 747 771 790 788
349 301 283 371 436 496 499 542 522 823 908 856 938 960 959 926 846 652 765 906 889 902 933 942 875 869 802 679 625 685 695 574 464 408 371 350 357 361 325 320 303 261 245 246 249 240 249 283 286 309 372 446 487 481 551 573 536 523 542 587 592 569 559 571 603 673 698 704 675 642 597 530 551 511 446 402 534 562 584 530 460 611 636 560 526 581 655 661 705 703 730 721 744 771 788 781
303 237 350 593 656 655 673 680 737 844 882 892 933 914 921 913 803 821 962 915 854 821 822 824 777 709 750 625 620 670 605 563 483 421 402 430 456 498 425 369 328 295 290 237 237 238 268 321 309 397 482 556 564 499 527 526 545 570 668 757 697 599 600 569 594 683 675 696 697 623 543 511 539 508 456 382 473 538 553 470 463 581 627 539 523 590 644 680 716 703 717 735 750 760 754 762
256 232 357 438 460 626 668 692 916 971 957 961 904 895 898 813 742 913 1036 974 835 760 751 746 771 737 643 588 686 664 683 679 598 518 497 621 629 602 574 440 363 356 342 267 230 267 323 341 356 440 506 547 570 555 604 614 631 699 886 961 736 562 522 538 458 516 496 593 592 575 546 496 538 521 516 427 467 554 487 432 529 610 610 519 535 623 652 652 684 705 706 729 759 743 730 745
378 394 362 398 382 392 448 590 955 1069 1045 1058 959 920 821 697 782 1012 981 891 813 757 693 692 708 691 579 585 634 617 669 671 617 601 613 854 803 790 737 477 416 391 351 283 236 293 437 544 420 392 395 428 494 586 645 706 794 975 1059 888 727 544 506 495 458 452 396 500 510 565 531 464 507 577 482 373 429 437 410 477 563 573 581 511 524 575 590 635 707 726 736 747 744 743 730 710
385 637 623 694 750 550 602 704 890 974 1033 1139 1014 768 690 681 868 978 836 836 860 812 753 705 668 593 589 665 619 578 649 736 660 589 695 728 730 634 520 438 386 363 350 304 253 282 347 448 490 567 573 525 585 739 799 946 1030 968 929 804 735 641 618 585 532 476 382 395 494 535 539 408 468 481 383 468 584 518 512 481 525 512 531 520 544 590 607 677 711 717 729 756 746 726 714 690
