Projects/fdf/maps/map_generators/tmp/CUSTOM_Portugal.txt
ncols        200
nrows        312
xllcorner    -9.517094539866
yllcorner    36.960179089711
dx           0.016634346399
dy           0.016647487245
[rows 172 to 214 of 312, columns 96 to 191 of 200]
223 224 231 214 201 184 171 169 177 167 187 204 212 217 219 234 239 233 229 255 271 294 297 316 342 330 345 387 378 408 483 528 537 604 739 675 661 702 653 486 495 511 461 484 446 365 322 322 312 336 366 357 360 372 378 382 392 388 379 369 348 327 305 305 329 287 266 293 307 313 338 340 345 360 354 332 328 331 339 342 360 390 382 413 431 452 509 489 415 391 379 377 361 366 370 375
218 230 239 226 187 173 161 162 172 164 179 194 188 198 214 224 210 219 221 233 236 242 270 299 310 319 342 364 345 355 391 481 492 500 567 628 570 587 608 611 453 395 423 427 424 428 364 306 299 302 333 345 338 336 356 370 379 379 362 355 342 326 304 300 319 282 265 314 346 362 364 389 372 370 363 323 309 311 316 322 331 340 370 373 385 428 475 544 534 478 407 388 374 368 378 374
214 224 223 214 194 191 172 158 157 164 168 177 193 215 220 236 231 230 247 264 271 262 246 271 297 312 325 319 322 340 365 418 466 467 470 507 547 496 551 564 526 390 359 363 377 363 387 357 313 283 284 299 326 347 354 363 370 379 366 351 336 322 318 303 293 267 258 274 291 319 330 323 331 349 334 320 302 323 343 341 351 347 355 402 412 413 478 521 484 487 450 408 388 376 380 384
204 209 209 211 199 192 204 177 157 157 169 182 199 215 240 246 281 266 248 251 271 286 268 285 279 285 292 309 314 335 385 404 423 445 420 407 444 455 472 520 512 426 367 342 334 342 328 313 318 333 319 287 383 376 383 390 396 387 372 342 322 344 330 313 278 256 253 269 278 311 325 333 329 292 291 292 297 313 344 355 361 371 360 385 406 444 482 491 478 425 413 500 424 389 398 397
205 213 207 223 219 189 185 172 160 181 179 184 211 219 232 282 281 287 281 289 303 294 294 287 299 297 299 299 317 340 379 386 370 385 377 384 436 423 419 468 499 472 426 350 325 318 312 295 287 281 278 271 325 362 364 403 424 431 399 337 311 285 281 277 256 267 260 265 270 277 287 278 278 291 294 299 316 312 318 332 340 356 364 384 415 449 473 456 428 393 380 412 471 430 415 416
202 205 188 164 189 192 170 167 165 187 194 201 213 231 238 261 286 308 295 293 321 306 317 309 306 320 313 302 312 336 358 371 367 346 352 361 388 404 388 458 479 453 445 436 428 364 341 339 327 300 266 262 253 272 287 308 346 394 378 311 286 266 250 247 259 289 300 293 310 321 333 316 314 312 322 326 341 357 361 345 387 396 382 375 383 388 448 433 371 361 367 396 432 444 479 483
199 194 195 161 146 167 159 155 172 196 200 195 207 216 225 247 279 329 335 315 316 313 325 335 333 343 331 312 320 319 331 341 363 348 327 347 370 358 354 402 441 433 406 396 386 373 374 363 349 328 300 279 259 242 259 280 304 331 347 319 299 276 256 250 285 305 321 329 331 330 336 366 380 394 386 363 357 384 422 402 413 442 457 417 382 360 366 374 350 334 347 369 391 399 423 474
187 195 191 167 146 144 155 167 178 185 187 190 205 203 213 227 249 276 286 322 331 318 335 352 345 331 342 332 331 338 338 343 338 332 325 349 339 326 343 355 376 402 401 375 361 356 344 338 343 333 307 306 303 264 264 285 305 349 357 331 314 308 282 245 279 305 324 324 319 320 324 335 346 363 362 379 392 397 427 417 385 381 402 385 378 372 349 381 341 323 329 344 356 379 389 404
176 187 193 167 136 154 166 171 173 175 180 187 192 193 204 218 229 252 271 300 297 292 313 347 331 304 317 349 345 348 353 345 338 311 307 313 315 318 303 314 339 339 326 324 342 328 307 319 321 303 299 286 273 252 278 316 336 322 321 317 293 302 291 260 295 306 326 328 309 300 320 328 336 347 332 320 334 343 351 357 349 356 387 363 346 361 339 349 341 315 334 345 351 369 360 384
176 180 152 148 142 156 169 169 173 181 176 179 177 187 194 208 215 233 250 270 273 286 298 336 349 317 283 295 310 315 335 321 326 337 315 298 289 280 284 298 312 325 351 337 305 289 274 304 322 283 261 253 241 241 277 280 282 298 280 278 250 243 221 225 252 292 312 318 301 283 298 318 335 334 305 295 319 322 317 308 315 343 371 349 327 324 316 339 347 309 343 350 349 356 372 378
179 162 126 129 141 153 153 149 156 168 182 190 193 193 201 205 212 221 228 228 240 258 287 317 348 341 297 268 276 287 315 306 311 326 339 322 301 296 275 276 293 314 323 316 321 301 264 272 287 275 248 240 232 222 244 251 257 266 267 257 230 225 212 222 244 263 267 270 264 248 273 285 283 292 267 284 293 287 299 315 330 358 371 369 335 312 324 333 335 296 315 324 337 328 339 352
178 143 135 153 166 174 178 171 169 185 207 201 206 220 219 222 203 204 206 222 233 238 257 309 301 324 327 296 259 278 288 280 302 293 322 333 319 305 284 261 269 294 294 296 289 283 274 253 247 246 240 227 219 209 220 226 232 240 247 251 231 204 218 226 232 237 240 245 259 240 235 243 239 243 253 252 273 309 323 314 295 289 299 292 304 302 311 320 319 291 289 295 303 299 321 327
174 138 149 162 167 165 167 181 189 188 200 205 206 218 225 220 206 193 205 215 216 212 226 259 270 297 323 304 276 252 258 267 275 287 303 315 309 291 292 260 270 269 269 292 293 276 272 274 264 258 241 239 225 220 204 210 214 221 235 233 216 195 212 219 221 228 232 240 247 224 220 225 249 254 243 235 259 275 289 288 281 267 266 279 276 288 291 297 289 264 267 278 277 284 300 301
147 136 160 159 151 148 155 162 169 187 192 190 197 187 201 204 207 196 189 192 198 201 211 235 257 273 305 318 261 250 266 282 292 303 310 294 292 270 276 269 250 252 258 268 282 294 296 285 287 295 283 270 252 235 212 199 202 206 218 220 206 192 219 243 227 217 218 225 231 208 214 234 247 248 228 225 242 266 276 279 262 249 252 256 261 267 292 295 273 260 256 265 268 286 301 308
137 161 175 183 182 163 154 144 155 174 167 167 177 175 204 230 239 222 229 205 201 200 208 225 234 248 264 261 244 265 270 283 295 310 295 277 267 259 252 250 245 236 236 243 261 272 276 262 287 304 313 302 271 262 238 211 193 196 200 209 203 189 218 240 227 214 208 217 217 203 213 232 237 230 217 222 245 257 263 266 248 244 269 276 277 277 286 268 264 273 255 259 279 275 260 259
159 171 190 200 204 207 192 160 156 153 162 180 195 215 197 211 232 241 240 216 203 226 233 224 235 223 231 236 243 249 260 272 288 295 282 281 279 265 270 267 255 254 250 233 237 245 244 248 287 308 317 314 292 277 240 217 196 188 190 193 192 191 223 229 215 208 202 213 214 199 211 228 221 215 209 216 237 237 243 254 238 248 261 270 270 254 255 251 250 251 256 270 257 244 263 291
180 184 178 187 193 198 201 183 176 192 196 194 192 202 224 211 222 235 245 229 210 234 245 256 246 239 254 263 267 275 280 280 289 294 296 300 290 279 287 273 260 242 233 231 238 234 226 247 281 304 292 285 280 272 245 226 204 198 189 184 182 195 220 220 204 207 201 198 212 197 210 212 207 203 208 223 225 228 241 244 230 229 247 260 249 237 242 240 241 271 274 268 239 250 284 297
204 212 205 204 207 213 212 205 203 211 223 219 210 204 215 233 230 230 240 243 227 218 246 265 261 254 245 251 264 288 291 304 306 301 308 308 298 300 306 290 264 257 257 255 256 251 227 228 256 271 249 246 250 256 230 213 206 211 202 181 182 194 197 200 203 204 202 193 199 192 201 199 199 206 216 214 213 230 235 228 220 226 240 235 229 231 235 233 248 263 261 258 228 252 276 277
207 220 223 226 221 221 224 222 218 226 230 233 235 233 225 217 224 238 248 247 246 231 235 259 273 267 271 261 248 264 279 293 299 314 317 314 323 325 317 308 298 304 299 283 274 259 229 216 206 228 228 221 230 240 220 208 199 205 200 178 184 199 194 196 211 199 196 189 191 189 192 195 204 202 201 206 218 224 216 214 212 237 226 221 218 220 226 237 248 253 249 236 228 249 263 279
172 195 208 218 223 225 226 225 226 235 243 245 246 250 251 233 236 237 247 269 265 258 242 247 276 281 285 273 259 283 279 289 298 312 322 324 330 342 350 354 366 361 329 312 288 267 250 251 233 194 197 206 208 223 216 204 194 195 193 175 188 196 189 192 198 195 190 183 186 196 189 198 195 193 201 201 202 206 211 217 229 234 231 232 222 230 235 233 234 244 232 217 235 242 279 310
168 171 189 205 214 221 223 224 226 228 242 261 272 276 270 259 263 257 261 255 274 278 271 257 267 292 300 282 283 275 301 313 317 315 322 344 339 360 380 383 386 388 367 341 323 278 263 260 250 212 184 195 204 210 209 197 192 183 179 173 191 192 187 187 196 188 181 185 191 184 184 187 193 196 199 205 213 218 228 225 218 223 216 215 221 243 229 221 230 231 212 212 228 275 285 272
156 180 183 195 206 212 211 211 214 222 235 250 288 309 319 297 294 297 290 270 277 298 293 276 283 284 312 322 304 286 280 292 311 318 334 349 354 374 397 408 404 406 386 351 325 298 283 270 234 216 187 182 194 195 200 191 189 176 170 177 182 181 179 178 177 174 175 177 178 182 184 187 192 195 195 200 206 209 223 223 210 214 219 207 207 222 225 227 244 223 204 206 213 229 236 235
168 185 194 193 193 198 203 210 219 224 229 239 254 280 304 343 387 339 315 294 290 310 300 300 290 285 302 312 333 337 303 302 309 304 321 336 362 379 394 431 440 429 405 366 342 294 247 233 229 204 189 174 181 188 192 203 184 170 169 173 171 170 170 170 172 173 174 175 178 178 180 181 182 183 185 188 191 196 206 201 197 202 208 202 199 200 202 206 211 202 203 208 231 228 212 226
190 190 199 204 209 214 225 226 225 225 228 241 253 263 287 333 390 361 339 316 314 331 330 328 310 305 308 309 320 348 345 307 318 317 321 338 373 417 414 444 431 397 375 359 349 305 244 235 228 216 192 182 172 181 186 191 198 168 166 167 166 167 169 171 172 174 176 177 177 177 177 179 180 182 184 185 187 189 191 192 193 193 194 194 195 196 197 198 198 200 207 224 233 251 220 218
185 188 186 192 195 195 203 214 230 237 241 246 252 263 279 297 338 379 380 350 351 345 352 344 329 326 325 318 321 342 337 328 327 328 335 345 360 406 438 458 429 397 373 331 304 289 255 205 195 210 195 183 173 172 172 171 174 175 170 178 195 202 189 185 181 182 183 181 181 181 178 179 180 182 183 184 185 186 188 189 190 191 192 192 192 194 196 198 199 207 222 235 236 254 250 219
200 207 211 199 205 214 211 200 217 232 238 240 240 250 265 283 302 330 377 404 406 389 381 380 361 349 343 333 340 341 341 325 325 316 333 328 333 368 420 454 438 388 357 316 298 278 255 216 207 186 179 172 166 164 163 165 182 187 184 196 202 220 223 224 211 204 214 205 201 189 190 188 182 182 183 183 183 184 186 188 190 190 193 194 198 202 206 209 251 363 336 290 259 257 253 230
195 204 212 222 223 229 237 221 211 215 216 222 237 246 256 271 288 312 345 387 423 440 427 424 407 385 367 356 358 354 327 305 299 294 311 321 303 325 375 433 422 369 327 276 287 248 235 206 203 174 166 161 162 164 167 187 202 189 194 198 215 213 213 223 229 233 235 232 213 194 207 203 195 192 191 208 215 214 212 224 217 232 243 245 228 238 233 226 234 298 370 335 300 276 275 253
207 216 227 225 235 233 245 226 225 237 229 217 225 246 262 269 284 307 321 350 389 425 454 469 443 419 412 400 370 339 322 307 286 282 298 316 288 293 326 396 372 322 294 241 263 228 197 193 180 163 161 164 170 180 181 191 210 196 204 193 199 222 227 229 233 237 238 224 202 212 226 211 209 215 212 201 202 214 228 243 252 255 258 259 254 267 268 259 261 253 280 346 344 288 299 299
217 228 241 252 239 246 248 222 238 252 246 241 224 244 247 263 279 291 308 326 365 388 427 467 460 441 433 426 389 350 326 294 300 267 294 296 280 257 281 320 333 284 270 248 217 216 184 166 159 162 167 177 184 189 190 190 198 197 207 214 210 206 220 231 240 240 230 216 203 216 232 209 225 233 239 224 228 216 209 223 242 260 269 277 277 277 288 290 282 289 270 281 301 308 345 334
224 244 258 256 245 249 249 224 243 268 270 249 245 239 239 246 250 264 289 300 305 343 379 420 438 438 457 459 414 406 357 303 282 267 277 275 277 241 245 256 256 238 278 231 196 189 165 165 167 173 182 189 193 199 209 207 214 207 213 230 225 216 217 219 243 238 231 222 207 222 236 221 217 242 253 235 240 248 234 215 219 228 245 265 280 288 291 299 296 302 292 289 299 303 311 323
238 240 263 270 258 255 241 235 261 314 304 280 286 271 273 266 268 260 261 296 326 321 316 355 377 397 433 471 460 419 389 343 294 254 239 257 268 242 215 211 204 227 212 196 179 170 172 181 184 188 186 188 197 214 225 234 239 224 228 244 249 238 242 232 236 244 243 220 214 239 248 234 215 238 264 251 246 259 253 239 242 233 224 249 268 279 293 303 308 313 306 310 304 306 309 311
246 255 265 275 279 267 272 247 270 323 323 311 368 341 388 359 340 289 297 302 304 377 372 319 320 337 366 407 433 437 413 375 331 277 228 223 250 253 221 201 175 197 192 170 170 183 181 181 180 195 203 204 201 204 216 233 239 224 237 253 255 250 257 245 243 254 242 221 225 247 263 239 223 230 259 269 252 269 269 260 268 257 237 236 273 282 290 303 308 314 314 321 316 311 318 314
255 272 293 280 289 299 290 276 290 295 307 305 324 348 414 426 401 364 356 408 398 346 450 405 297 292 321 351 382 396 405 394 351 292 249 208 216 225 208 185 168 168 167 165 189 184 194 213 204 188 193 194 211 220 219 232 243 229 239 251 257 258 263 259 244 260 246 230 252 246 265 253 234 234 258 277 264 274 284 274 279 273 251 235 253 281 298 302 310 317 321 324 317 321 328 321
246 254 265 293 318 323 314 318 307 313 292 284 293 300 337 364 376 415 463 483 519 466 463 510 382 278 281 308 338 371 381 368 348 321 269 227 200 183 172 161 164 155 160 185 198 196 212 230 246 236 227 206 195 213 233 235 247 239 234 249 257 264 267 267 249 261 241 241 262 258 272 267 241 248 242 257 274 268 280 288 291 287 265 251 251 273 285 301 314 321 330 324 327 331 339 324
253 270 265 274 304 309 295 316 294 281 296 268 268 284 313 307 331 340 373 422 364 365 371 391 365 303 261 277 308 340 365 352 310 294 290 251 219 210 178 149 149 161 182 183 182 192 209 220 238 266 259 231 202 212 241 248 251 245 254 250 258 265 270 271 256 257 241 253 270 275 274 268 251 266 260 247 267 279 282 290 297 281 274 249 269 278 279 297 308 321 329 328 337 345 351 334
264 286 299 292 294 285 289 305 282 266 257 272 251 265 271 272 302 311 324 322 327 305 301 303 296 295 259 264 277 296 320 342 299 282 259 249 202 190 178 157 161 173 178 186 185 189 200 224 234 241 261 261 226 212 237 263 263 253 260 261 259 269 275 270 263 262 251 255 279 284 284 281 261 276 273 255 263 282 288 293 301 288 271 263 286 306 306 297 311 324 323 334 347 358 358 333
271 294 303 300 285 270 297 320 289 267 245 252 253 246 251 269 279 299 296 275 288 284 268 266 260 280 256 256 255 248 283 310 304 270 258 235 219 207 181 159 177 192 199 190 188 198 213 217 230 257 259 268 256 243 235 256 260 281 288 280 285 277 279 274 274 273 262 261 282 290 289 291 269 276 282 271 267 271 280 296 307 296 269 275 307 317 316 311 325 320 331 347 356 367 354 341
289 282 282 292 280 264 284 285 271 267 246 234 237 241 240 253 251 277 265 254 268 273 278 260 255 252 246 258 267 226 249 267 271 265 246 245 224 205 202 160 175 188 194 205 223 231 238 238 232 261 290 286 262 231 254 295 303 319 327 320 316 308 298 292 303 284 277 279 278 297 297 298 279 286 282 288 279 291 288 297 308 306 278 275 301 328 336 334 330 341 346 356 370 365 350 355
279 269 269 271 267 255 268 266 256 256 253 236 229 230 251 247 238 245 240 252 265 262 292 278 261 240 232 227 256 223 209 227 214 220 220 234 229 204 189 157 183 199 179 188 203 217 227 275 243 268 348 337 288 239 251 325 342 357 372 370 352 339 315 308 311 298 279 305 287 293 306 304 285 294 295 298 296 300 303 306 325 323 318 301 285 301 331 349 344 358 364 377 380 365 363 362
276 264 258 259 252 248 265 256 244 244 255 240 228 224 245 255 232 229 234 253 253 253 278 287 271 265 252 236 218 202 183 179 183 196 206 214 234 231 207 161 160 168 173 184 197 214 222 240 247 279 390 444 305 256 247 282 331 356 395 388 368 352 334 317 327 309 302 318 311 292 314 306 299 309 313 318 317 314 314 324 334 345 344 325 296 300 325 346 364 372 383 392 377 366 363 368
267 260 255 242 243 248 270 251 237 234 249 249 236 219 238 248 226 234 247 252 241 252 281 296 303 282 267 267 258 230 199 180 166 179 179 187 209 228 222 178 155 176 182 196 207 221 258 261 264 281 364 415 319 274 259 271 303 343 390 397 376 351 352 339 324 327 329 326 327 308 320 312 318 329 334 339 334 335 332 333 330 353 357 351 316 294 324 346 369 392 400 397 379 374 376 380
268 256 256 242 236 251 264 246 228 241 246 244 250 223 225 240 223 242 260 260 237 249 281 280 290 311 291 288 255 217 190 178 185 188 164 168 189 211 214 161 163 175 185 187 193 201 237 252 251 268 345 329 308 297 284 288 288 319 370 390 401 377 369 368 364 364 356 356 346 325 325 332 328 366 414 383 367 363 362 363 360 351 355 348 335 304 317 357 389 405 415 397 389 390 387 392
283 259 261 265 245 246 242 232 223 235 245 234 246 227 212 217 229 240 251 256 237 255 251 259 261 283 302 281 246 238 201 202 203 210 196 165 161 181 181 165 191 210 214 220 198 205 211 231 248 270 319 381 355 325 325 310 326 308 314 346 407 409 404 413 434 415 436 416 362 331 355 381 360 354 389 442 419 450 414 393 395 377 371 343 326 309 328 337 365 389 413 409 403 404 396 409
